
x <- 1 /12
# 100-token chunks
x / 452 # Aeschylus
x / 242 # Diodorus
x / 311 # Herodotus
x / 180 # Hesiod
x / 1237 # Iliad
x / 982 # Odyssey
x / 203 # Lysias
x / 205 # Plutarch
x / 996 # Polybius
x / 466 # Sophocles
x / 239 # Thucydides
x / 210 # Xenophon
